-44 -44 -44 -38 -38 -38 -31 -31 -31 -23 -23 -23 -15 -15 -15 -5 -5 -5 4 4 4 16 16 16 28 28 28 43 43 43 59 59 59 76 76 76 96 96 96 118 118 118 142 142 142 169 169 169 199 199 199 199 199 199 199 199 199 199 199 199 198 198 198 198 198 198 198 197 197 196 196 196 196 192 195 195 188 185 183 183 183 182 180 178 175 175 172 172 169 169 166 166 166 166 166 166 166 166 162 162
-44 -44 -44 -38 -38 -38 -31 -31 -31 -23 -23 -23 -15 -15 -15 -5 -5 -5 4 4 4 16 16 16 28 28 28 43 43 43 59 59 59 76 76 76 96 96 96 118 118 118 142 142 142 169 169 169 199 199 199 199 199 199 199 199 199 199 199 199 199 198 198 198 198 198 198 197 197 197 196 196 195 195 192 188 188 188 183 182 180 178 178 178 175 175 172 172 169 166 166 166 166 166 166 166 162 162 162 162
-44 -44 -44 -38 -38 -38 -31 -31 -31 -23 -23 -23 -15 -15 -15 -5 -5 -5 4 4 4 16 16 16 28 28 28 43 43 43 59 59 59 76 76 76 96 96 96 118 118 118 142 142 142 169 169 169 199 199 199 199 199 199 199 199 199 199 199 199 198 198 198 198 198 198 198 197 197 197 196 196 195 195 191 189 189 185 182 182 180 180 180 180 178 172 169 169 166 166 166 166 166 166 162 162 162 162 162 162
-44 -44 -44 -38 -38 -38 -31 -31 -31 -23 -23 -23 -15 -15 -15 -5 -5 -5 4 4 4 16 16 16 28 28 28 43 43 43 59 59 59 76 76 76 96 96 96 118 118 118 142 142 142 169 169 169 199 199 199 199 199 199 199 199 199 199 198 198 198 198 198 198 198 198 198 198 197 197 197 196 196 195 194 194 194 187 183 182 182 182 180 178 175 172 172 169 169 166 166 166 166 162 162 162 162 162 162 162
-44 -44 -44 -38 -38 -38 -31 -31 -31 -23 -23 -23 -15 -15 -15 -5 -5 -5 4 4 4 16 16 16 28 28 28 43 43 43 59 59 59 76 76 76 96 96 96 118 118 118 142 142 142 169 169 169 199 199 199 199 199 199 199 199 199 198 198 198 198 198 198 198 198 198 197 197 197 197 197 196 195 194 195 191 187 187 187 182 180 178 175 175 175 172 172 169 169 166 166 162 162 162 162 162 162 162 162 158
-44 -44 -44 -38 -38 -38 -31 -31 -31 -23 -23 -23 -15 -15 -15 -5 -5 -5 4 4 4 16 16 16 28 28 28 43 43 43 59 59 59 76 76 76 96 96 96 118 118 118 142 142 142 169 169 169 199 199 199 199 199 199 199 199 199 199 199 198 198 198 198 198 198 198 198 197 197 197 197 197 196 195 194 190 188 188 183 180 180 178 178 178 178 175 169 169 169 166 162 162 162 162 162 162 162 158 158 158
-44 -44 -44 -38 -38 -38 -31 -31 -31 -23 -23 -23 -15 -15 -15 -5 -5 -5 4 4 4 16 16 16 28 28 28 43 43 43 59 59 59 76 76 76 96 96 96 118 118 118 142 142 142 169 169 169 199 199 199 199 199 199 199 199 199 199 199 199 199 198 198 198 198 198 198 197 197 197 197 197 197 195 195 193 193 193 185 182 180 180 180 178 175 172 169 166 166 162 162 162 162 162 162 158 158 158 158 158
-44 -44 -44 -38 -38 -38 -31 -31 -31 -23 -23 -23 -15 -15 -15 -5 -5 -5 4 4 4 16 16 16 28 28 28 43 43 43 59 59 59 76 76 76 96 96 96 118 118 118 142 142 142 169 169 169 199 199 199 199 199 199 199 199 199 199 199 199 198 198 198 198 198 198 198 198 197 197 197 197 196 196 195 195 194 190 185 185 185 180 178 175 172 169 172 169 166 166 162 162 162 162 158 158 158 158 158 158
-44 -44 -44 -38 -38 -38 -31 -31 -31 -23 -23 -23 -15 -15 -15 -5 -5 -5 4 4 4 16 16 16 28 28 28 43 43 43 59 59 59 76 76 76 96 96 96 118 118 118 142 142 142 169 169 169 199 199 199 199 199 199 199 199 199 199 199 199 199 198 198 198 198 198 198 198 198 197 197 197 197 196 196 195 193 189 187 187 182 178 178 175 175 172 175 172 169 166 166 162 162 158 158 158 158 158 158 158
-44 -44 -44 -38 -38 -38 -31 -31 -31 -23 -23 -23 -15 -15 -15 -5 -5 -5 4 4 4 16 16 16 28 28 28 43 43 43 59 59 59 76 76 76 96 96 96 118 118 118 142 142 142 169 169 169 199 199 199 199 199 199 199 199 199 199 199 199 199 199 198 198 198 198 198 198 197 197 197 197 197 196 196 196 194 193 193 193 183 180 178 178 178 175 172 169 166 166 166 162 158 158 158 158 158 158 158 154
-44 -44 -44 -38 -38 -38 -31 -31 -31 -23 -23 -23 -15 -15 -15 -5 -5 -5 4 4 4 16 16 16 28 28 28 43 43 43 59 59 59 76 76 76 96 96 96 118 118 118 142 142 142 169 169 169 199 199 199 199 199 199 199 199 199 199 199 199 199 199 199 198 198 198 198 198 198 197 197 197 197 197 196 196 195 194 193 189 183 183 183 178 175 172 169 166 166 162 162 158 158 158 158 158 158 154 154 154
-44 -44 -44 -38 -38 -38 -31 -31 -31 -23 -23 -23 -15 -15 -15 -5 -5 -5 4 4 4 16 16 16 28 28 29 43 43 43 59 59 59 76 76 76 96 96 96 118 118 118 142 142 142 169 169 169 199 199 199 199 199 199 199 199 199 199 199 199 199 199 199 199 198 198 198 198 198 198 197 197 197 196 197 196 196 194 193 188 185 185 180 175 175 172 172 169 169 166 162 162 158 158 158 158 154 154 154 154
-44 -44 -44 -38 -38 -38 -31 -31 -31 -23 -23 -23 -15 -15 -15 -5 -5 -5 4 4 4 16 16 16 28 28 29 43 43 43 59 59 59 76 76 76 96 96 96 118 118 118 142 142 142 169 169 169 199 199 199 199 199 199 199 199 199 199 199 199 199 199 199 198 198 198 198 198 198 198 197 197 197 197 196 196 196 196 193 192 192 192 182 178 175 172 175 172 172 169 166 162 162 158 158 154 154 154 154 154
-44 -44 -44 -38 -38 -38 -31 -31 -31 -23 -23 -23 -15 -15 -15 -5 -5 -5 4 4 4 16 16 16 29 29 29 43 43 43 59 59 59 76 76 77 96 96 96 118 118 118 142 142 142 169 169 169 199 199 199 199 199 199 199 199 199 199 199 199 199 199 199 199 199 198 198 198 198 198 198 198 197 197 197 196 196 195 194 193 193 188 180 182 182 175 172 169 169 166 162 162 162 158 154 154 154 154 154 154
-44 -44 -44 -38 -38 -38 -31 -31 -31 -23 -23 -23 -15 -15 -15 -5 -5 -5 4 4 4 16 16 16 29 29 29 43 43 43 59 59 59 77 77 77 96 96 96 118 118 118 142 142 142 169 169 169 199 199 199 199 199 199 199 199 199 199 199 199 199 199 199 199 199 198 198 198 198 198 198 197 197 197 197 196 196 196 196 193 192 187 183 183 178 172 172 169 166 162 162 158 158 154 154 154 154 154 154 148
-44 -44 -44 -38 -38 -38 -31 -31 -31 -23 -23 -23 -15 -15 -15 -5 -5 -5 4 4 4 16 16 16 29 29 29 43 43 43 59 59 59 77 77 77 96 96 96 118 118 118 142 142 142 169 169 169 199 199 199 199 199 199 199 199 199 199 199 199 199 199 199 199 199 199 198 198 198 198 198 197 197 197 197 197 196 196 195 195 193 191 191 191 180 175 172 169 169 166 166 162 158 158 154 154 154 154 148 148
-44 -44 -44 -38 -38 -38 -31 -31 -31 -23 -23 -23 -15 -15 -15 -5 -5 -5 4 4 4 16 16 16 29 29 29 43 43 43 59 59 59 77 77 77 96 96 96 118 118 118 142 142 142 169 169 169 199 199 199 199 199 199 199 199 199 199 199 199 199 199 199 199 199 199 198 198 198 198 198 198 197 197 197 196 196 196 196 195 193 193 192 187 178 172 180 172 172 169 169 166 162 158 158 154 154 148 148 148
-44 -44 -44 -38 -38 -38 -31 -31 -31 -23 -23 -23 -15 -15 -15 -5 -5 -5 4 4 4 16 16 16 29 29 29 43 43 43 59 59 59 77 77 77 96 96 96 118 118 118 142 142 142 169 169 169 199 199 199 199 199 199 199 199 199 199 199 199 199 199 199 199 199 199 198 198 198 198 198 198 197 197 197 197 197 196 196 195 195 193 191 185 182 182 175 169 169 166 166 162 158 158 158 154 148 148 148 148
-44 -44 -44 -38 -38 -38 -31 -31 -31 -23 -23 -23 -15 -15 -15 -5 -5 -5 4 4 4 16 16 16 29 29 29 43 43 43 59 59 59 77 77 77 96 96 96 118 118 118 142 142 142 169 169 169 199 199 199 199 199 199 199 199 199 199 199 199 199 199 199 199 199 199 199 198 198 198 198 198 197 197 197 196 196 196 196 195 195 192 190 190 190 178 172 169 169 166 162 158 158 154 154 148 148 148 148 148
-44 -44 -44 -38 -38 -38 -31 -31 -31 -23 -23 -23 -15 -15 -15 -5 -5 -5 4 4 4 16 16 16 29 29 29 43 43 43 59 59 59 77 77 77 96 96 96 118 118 118 142 142 142 169 169 169 199 199 199 199 199 199 199 199 199 199 199 199 199 199 199 199 199 199 199 198 198 198 198 198 198 197 197 197 196 196 195 195 194 193 192 191 185 175 169 169 166 166 162 162 158 154 154 148 148 148 148 143
-44 -44 -44 -38 -38 -38 -31 -31 -31 -23 -23 -23 -15 -15 -15 -5 -5 -5 4 4 4 16 16 16 29 29 29 43 43 43 59 59 59 77 77 77 96 96 96 118 118 118 142 142 142 169 169 169 199 199 199 199 199 199 199 199 199 199 199 199 199 199 199 199 199 199 199 199 198 198 198 198 197 197 197 197 196 196 196 196 195 195 192 190 183 180 180 178 169 169 166 166 162 158 154 154 148 148 143 143
-44 -44 -44 -38 -38 -38 -31 -31 -31 -23 -23 -23 -15 -15 -15 -5 -5 -5 4 4 4 16 16 16 29 29 29 43 43 43 59 59 59 77 77 77 96 96 96 118 118 118 142 142 142 169 169 169 199 199 199 199 199 199 199 199 199 199 199 199 199 199 199 199 199 199 199 199 198 198 198 198 197 197 197 197 196 196 195 195 194 194 191 189 189 189 175 172 166 166 162 162 158 154 154 154 148 143 143 143
-44 -44 -44 -38 -38 -38 -31 -31 -31 -23 -23 -23 -15 -15 -15 -5 -5 -5 4 4 4 16 16 16 29 29 29 43 43 43 59 59 59 77 77 77 96 96 96 118 118 118 142 142 142 169 169 169 199 199 199 199 199 199 199 199 199 199 199 199 199 199 199 199 199 199 199 199 199 198 198 198 198 197 197 196 196 196 196 195 195 193 192 191 190 183 172 169 166 166 162 158 154 154 148 148 143 143 143 143
-44 -44 -44 -38 -38 -38 -31 -31 -31 -23 -23 -23 -15 -15 -15 -5 -5 -5 4 4 4 16 16 16 29 29 29 43 43 43 59 59 59 77 77 77 96 96 96 118 118 118 142 142 142 169 169 169 199 199 199 199 199 199 199 199 199 199 199 199 199 199 199 199 199 199 199 199 198 198 198 198 197 197 197 197 197 196 196 195 195 194 194 191 189 182 178 166 166 162 162 158 158 154 148 148 143 143 143 143
-50 -44 -44 -44 -38 -38 -38 -31 -31 -31 -23 -23 -23 -15 -15 -15 -5 -5 -5 4 4 4 16 16 16 29 29 29 43 43 43 59 59 59 77 77 77 96 77 77 96 96 118 118 142 142 169 169 199 199 199 199 199 199 199 199 199 199 199 199 199 199 199 199 199 199 199 199 198 198 198 198 198 197 197 196 196 196 196 195 195 193 193 190 185 183 188 178 175 166 166 162 162 158 154 148 148 143 143 136
-50 -44 -44 -44 -38 -38 -38 -31 -31 -31 -23 -23 -23 -15 -15 -15 -5 -5 -5 4 4 4 16 16 16 29 29 29 29 43 43 43 59 59 59 77 77 59 77 77 96 96 118 118 142 142 169 169 199 199 199 199 199 199 199 199 199 199 199 199 199 199 199 199 199 199 199 198 198 198 198 198 198 197 197 197 196 196 195 195 194 194 193 191 190 189 182 172 169 162 162 158 158 154 148 148 148 143 136 136
-50 -44 -44 -44 -38 -38 -38 -31 -31 -31 -23 -23 -23 -15 -15 -15 -15 -5 -5 -5 4 4 4 16 16 16 16 29 29 29 43 43 43 59 59 59 59 59 77 77 96 96 118 118 142 142 169 169 199 199 199 199 199 199 199 199 199 199 199 199 199 199 199 199 199 199 199 198 198 198 198 198 197 197 197 197 196 196 196 196 195 195 193 193 190 188 180 169 166 162 162 158 154 148 148 143 143 136 136 136
-50 -50 -44 -44 -44 -38 -38 -38 -31 -31 -31 -23 -23 -23 -15 -15 -15 -5 -5 -5 4 4 4 16 16 16 16 16 29 29 29 43 43 43 43 43 59 59 77 77 96 96 118 118 142 142 169 169 199 199 199 199 199 199 199 199 199 199 199 199 199 199 199 199 199 199 198 198 198 198 198 198 198 197 197 197 196 196 195 195 194 194 193 193 189 183 182 175 162 162 158 158 154 154 148 143 143 136 136 136
-50 -50 -44 -44 -44 -38 -38 -38 -31 -31 -31 -23 -23 -23 -23 -15 -15 -15 -5 -5 -5 4 4 4 4 16 16 16 16 29 29 29 29 29 43 43 59 59 77 77 96 96 118 118 142 142 169 169 199 199 199 199 199 199 199 199 199 199 199 199 199 199 199 199 199 199 198 198 198 198 198 198 198 197 197 197 196 196 196 195 195 193 193 192 190 189 188 187 175 172 162 162 158 158 154 148 143 143 136 136
-50 -50 -44 -44 -44 -38 -38 -38 -31 -31 -31 -23 -23 -23 -23 -15 -15 -15 -5 -5 -5 4 4 4 4 4 4 16 16 16 16 16 29 29 43 43 59 59 77 77 96 96 118 118 142 142 169 169 199 199 199 199 199 199 199 199 199 199 199 199 199 199 199 199 199 199 198 198 198 198 198 198 198 197 197 197 197 196 196 195 195 194 194 193 193 189 187 180 169 166 158 158 154 154 148 143 143 143 136 129
-50 -50 -50 -44 -44 -44 -38 -38 -38 -31 -31 -31 -23 -23 -23 -23 -15 -15 -15 -5 -5 -5 -5 4 4 4 4 4 4 4 16 16 29 29 43 43 59 59 77 77 96 96 118 118 142 142 169 169 199 199 199 199 199 199 199 199 199 199 199 199 199 199 199 199 199 199 198 198 198 198 198 198 198 197 197 197 196 196 196 195 195 193 193 192 192 188 182 178 166 162 158 158 154 148 143 143 136 136 129 129
-50 -50 -50 -44 -44 -44 -38 -38 -38 -31 -31 -31 -31 -23 -23 -23 -15 -15 -15 -5 -5 -5 -5 -5 -5 4 -5 -5 4 4 16 16 29 29 43 43 59 59 59 76 76 96 96 118 118 142 142 169 169 199 199 199 199 199 199 199 199 199 199 199 199 199 199 199 199 199 198 198 198 198 198 198 198 197 197 197 196 196 195 195 194 194 193 193 191 189 188 180 172 158 158 154 154 148 148 143 136 136 129 129
-50 -50 -50 -44 -44 -44 -38 -38 -38 -31 -31 -31 -31 -23 -23 -23 -23 -15 -15 -15 -15 -5 -5 -5 -5 -5 -5 -5 4 4 16 16 29 29 43 43 43 59 59 76 76 96 96 118 118 142 142 169 169 199 199 199 199 199 199 199 199 199 199 199 199 199 199 199 199 199 198 198 198 198 198 198 198 198 197 197 197 196 196 196 195 195 193 193 192 192 188 187 185 172 169 158 158 154 154 148 143 136 136 129
-50 -50 -50 -50 -44 -44 -44 -38 -38 -38 -31 -31 -31 -31 -23 -23 -23 -15 -15 -15 -15 -15 -15 -5 -5 -5 -5 -5 4 4 16 16 29 29 29 43 43 59 59 76 76 96 96 118 118 142 142 169 169 199 199 199 199 199 199 199 199 199 199 199 199 199 199 199 199 199 198 198 198 198 198 198 198 198 197 197 196 196 195 195 194 194 193 193 191 191 187 185 178 166 162 154 154 148 148 143 136 136 136 129
-55 -50 -50 -50 -44 -44 -44 -38 -38 -38 -38 -31 -31 -31 -31 -23 -23 -23 -23 -15 -15 -15 -15 -15 -15 -15 -5 -5 4 4 16 16 16 29 29 43 43 59 59 76 76 96 96 118 118 142 142 169 169 199 199 199 199 199 199 199 199 199 199 199 199 199 199 199 199 198 198 198 198 198 198 198 198 198 197 197 197 196 196 195 195 193 193 192 192 190 188 180 175 162 158 154 154 148 143 136 136 129 129 122
-55 -50 -50 -50 -44 -44 -44 -38 -38 -38 -38 -31 -31 -31 -31 -23 -23 -23 -23 -23 -23 -15 -15 -15 -15 -15 -5 -5 4 4 4 16 16 29 29 43 43 59 59 76 76 96 96 118 118 142 142 169 169 199 199 199 199 199 199 199 199 199 199 199 199 199 199 199 199 198 198 198 198 198 198 198 198 198 197 197 196 196 195 195 194 194 193 193 191 191 188 187 178 169 154 154 148 148 143 143 136 129 129 122
-55 -55 -50 -50 -50 -44 -44 -44 -38 -38 -38 -38 -31 -31 -31 -31 -31 -23 -23 -23 -23 -23 -23 -23 -15 -15 -5 -5 -5 4 4 16 16 29 29 43 43 59 59 76 76 96 96 118 118 142 142 169 169 199 199 199 199 199 199 199 199 199 199 199 199 199 199 199 198 198 198 198 198 198 198 198 198 198 197 196 196 196 195 195 193 193 192 192 190 190 187 185 184 169 166 154 154 148 148 143 136 129 129 122
-55 -55 -55 -50 -50 -50 -44 -44 -44 -44 -38 -38 -38 -38 -31 -31 -31 -31 -31 -31 -23 -23 -23 -23 -23 -15 -15 -15 -5 -5 4 4 16 16 28 28 43 43 -6 4 16 28 43 59 76 96 118 142 169 199 199 199 199 199 199 199 199 199 199 199 199 199 199 199 198 198 198 198 198 198 198 198 198 197 197 197 196 196 195 194 194 193 193 191 191 189 185 184 175 162 158 148 148 143 143 136 129 129 129 122
-55 -55 -55 -50 -50 -50 -44 -44 -44 -44 -38 -38 -38 -38 -38 -38 -31 -31 -31 -31 -31 -31 -31 -23 -23 -15 -23 -15 -15 -5 -5 4 4 16 16 28 28 28 -7 3 14 27 41 57 74 94 115 139 166 195 195 199 199 199 199 199 199 199 199 199 199 199 199 198 198 198 198 198 198 198 198 198 197 197 197 196 196 196 195 195 193 193 192 192 190 190 187 178 172 158 154 148 148 143 136 129 129 122 122 122
-55 -55 -55 -55 -50 -50 -50 -44 -44 -44 -44 -38 -38 -38 -38 -38 -38 -38 -38 -31 -31 -31 -31 -31 -23 -23 -23 -23 -15 -15 -5 -5 4 4 16 16 16 16 -7 2 13 26 40 55 73 92 113 137 164 193 192 194 199 199 199 199 199 199 199 199 199 199 199 198 198 198 198 198 198 198 198 197 197 197 197 196 196 195 194 194 193 193 191 191 189 189 187 185 175 166 148 148 143 143 136 136 129 122 122 113
-59 -59 -55 -55 -55 -50 -50 -50 -49 -44 -44 -44 -44 -38 -44 -38 -38 -38 -38 -38 -38 -38 -31 -31 -23 -23 -31 -23 -23 -15 -15 -5 -5 4 4 4 4 4 -8 1 13 25 39 55 72 91 112 136 162 191 190 191 194 199 199 199 199 199 199 199 199 199 198 198 198 198 198 198 198 198 197 197 197 197 197 196 196 195 195 193 193 192 192 190 190 188 185 184 182 166 162 148 148 143 143 136 129 122 122 113
-59 -59 -55 -55 -55 -50 -50 -50 -49 -44 -44 -44 -44 -44 -44 -44 -44 -44 -38 -38 -38 -38 -38 -31 -31 -31 -31 -31 -23 -23 -15 -15 -5 -5 -5 -5 -5 -5 -9 1 12 24 38 54 71 90 111 134 160 189 188 189 190 193 199 199 199 199 199 199 199 199 198 198 198 198 198 198 198 197 197 197 197 197 196 196 196 195 194 194 193 193 191 191 189 189 184 182 172 158 154 143 143 136 136 129 122 122 122 113
-59 -59 -59 -55 -55 -55 -50 -50 -49 -49 -44 -44 -44 -44 -44 -44 -44 -44 -44 -44 -44 -38 -38 -31 -31 -31 -38 -31 -31 -23 -23 -15 -15 -15 -15 -15 -15 -15 -19 -10 0 10 23 36 52 68 87 108 131 157 186 187 188 189 192 199 199 199 199 199 199 199 198 198 198 198 198 198 197 197 197 197 197 197 196 196 195 195 193 193 192 192 190 190 188 188 185 175 169 154 148 143 143 136 129 122 122 113 113 113
-59 -59 -59 -59 -55 -55 -55 -54 -49 -49 -49 -49 -44 -44 -49 -49 -49 -44 -44 -44 -44 -44 -38 -38 -38 -38 -38 -38 -31 -31 -23 -23 -23 -23 -23 -23 -23 -23 -20 -11 -1 9 21 35 50 67 85 106 129 154 182 184 186 187 188 191 198 198 198 198 198 198 198 198 198 198 198 198 197 197 197 197 197 197 196 196 196 195 194 193 193 191 191 189 189 187 185 184 172 162 143 143 136 136 129 129 122 113 113 113
-63 -59 -59 -59 -55 -55 -55 -54 -49 -49 -49 -49 -49 -49 -49 -49 -49 -49 -49 -49 -44 -44 -38 -38 -38 -38 -44 -38 -38 -31 -31 -31 -31 -31 -31 -31 -31 -28 -21 -12 -2 8 20 33 48 64 82 103 125 150 178 180 182 184 186 187 191 198 198 198 198 198 198 198 198 198 198 197 197 197 197 197 197 197 196 196 195 195 193 193 192 192 190 190 188 188 184 182 180 162 158 143 143 136 136 129 122 113 113 103
-63 -63 -59 -59 -59 -55 -55 -54 -54 -49 -49 -49 -49 -49 -49 -54 -49 -49 -49 -49 -49 -44 -44 -44 -44 -44 -44 -44 -38 -38 -38 -38 -38 -38 -38 -38 -35 -29 -22 -14 -4 6 17 31 45 61 79 99 121 146 173 176 178 180 182 184 186 190 198 198 198 198 198 198 198 198 197 197 197 197 197 197 196 196 196 195 195 194 193 193 191 191 189 189 187 187 182 180 169 154 148 136 136 129 129 122 113 113 113 103
-63 -63 -63 -59 -59 -59 -59 -54 -54 -54 -54 -49 -49 -49 -54 -54 -54 -54 -54 -49 -49 -44 -44 -44 -44 -44 -50 -44 -44 -44 -44 -44 -44 -44 -44 -41 -36 -30 -24 -15 -6 3 15 28 42 58 75 95 116 141 167 170 173 176 178 180 182 184 188 198 198 198 198 198 198 197 197 197 197 197 197 196 196 196 196 195 194 193 192 192 190 190 188 188 185 185 184 172 166 148 143 136 136 129 122 113 113 103 103 103
-63 -63 -63 -59 -59 -59 -59 -54 -54 -54 -54 -54 -54 -54 -54 -54 -54 -54 -54 -54 -50 -50 -50 -50 -50 -50 -50 -50 -50 -50 -50 -50 -50 -50 -47 -42 -37 -31 -26 -18 -9 0 12 24 38 53 70 89 110 134 160 164 167 170 173 176 178 180 182 187 198 198 198 198 197 197 197 197 197 196 196 196 196 196 195 195 194 193 193 191 191 189 189 187 187 184 182 169 158 136 136 129 129 122 122 113 103 103 103 103
-67 -67 -63 -63 -63 -59 -59 -59 -59 -54 -54 -54 -54 -54 -54 -59 -59 -59 -59 -54 -54 -50 -50 -50 -50 -50 -55 -55 -55 -55 -55 -55 -55 -55 -52 -48 -43 -38 -44 -50 -55 -59 -63 -67 -70 -73 -76 -78 -80 -82 46 155 160 164 167 170 173 176 178 180 186 198 198 197 197 197 197 197 196 196 196 196 196 196 195 194 193 192 192 190 190 188 188 185 185 182 180 178 158 154 136 136 129 129 122 113 103 103 103 93
-67 -67 -67 -63 -63 -63 -63 -59 -59 -59 -59 -54 -54 -54 -59 -59 -59 -59 -59 -59 -55 -55 -55 -55 -55 -55 -55 -59 -59 -59 -59 -59 -59 -59 -57 -53 -49 -44 -50 -55 -59 -63 -67 -70 -73 -76 -78 -80 -82 -84 29 150 155 160 164 167 170 173 176 178 184 198 197 197 197 197 196 196 196 196 196 196 195 195 195 193 193 191 191 189 189 187 187 184 184 180 178 166 148 143 129 129 122 122 113 103 103 103 93 93
-67 -67 -67 -63 -63 -63 -63 -59 -59 -59 -59 -59 -59 -59 -59 -59 -63 -63 -63 -59 -59 -55 -55 -55 -55 -55 -59 -59 -63 -63 -63 -63 -63 -63 -61 -58 -54 -50 -55 -59 -63 -67 -70 -73 -76 -78 -80 -82 -84 -85 10 145 150 155 160 164 167 170 173 176 183 197 197 197 197 196 196 196 196 196 196 195 195 195 194 193 192 192 190 190 188 188 185 185 182 182 169 162 143 136 129 129 122 113 103 103 93 93 93 93
-67 -70 -67 -67 -67 -63 -63 -63 -63 -59 -59 -59 -59 -59 -59 -63 -63 -63 -63 -63 -59 -59 -59 -59 -59 -59 -59 -63 -63 -67 -67 -67 -67 -67 -65 -62 -58 -55 -59 -63 -67 -70 -73 -76 -78 -80 -82 -84 -85 -87 -10 139 145 150 155 160 164 167 170 173 181 197 197 197 196 196 196 196 196 195 195 195 195 194 193 193 191 191 189 189 187 187 184 184 180 180 166 154 129 129 122 122 113 113 103 93 93 93 93 81
-70 -70 -70 -67 -67 -67 -67 -63 -63 -63 -63 -59 -59 -59 -63 -63 -63 -67 -67 -63 -63 -59 -59 -59 -59 -59 -63 -63 -67 -67 -70 -70 -70 -70 -69 -66 -63 -59 -63 -67 -70 -73 -76 -78 -80 -82 -84 -85 -87 -88 -33 132 139 145 150 155 160 164 167 170 179 197 197 196 196 196 196 196 195 195 195 195 194 194 193 192 190 190 188 188 185 185 182 182 178 178 176 154 148 129 129 122 122 113 103 93 93 93 93 81
-70 -70 -70 -67 -67 -67 -67 -63 -63 -63 -63 -63 -63 -63 -63 -63 -67 -67 -67 -67 -63 -63 -63 -63 -63 -63 -63 -67 -67 -70 -70 -73 -73 -73 -72 -69 -66 -63 -67 -70 -73 -76 -78 -80 -82 -84 -85 -87 -88 -89 -59 125 132 139 145 150 155 160 164 167 176 197 196 196 196 196 195 195 195 195 194 194 193 193 193 191 191 189 189 187 187 184 184 180 180 176 162 143 136 122 122 113 113 103 93 93 93 81 81 81
-70 -70 -70 -70 -70 -67 -67 -67 -67 -63 -63 -63 -63 -63 -63 -67 -67 -67 -70 -67 -67 -63 -63 -63 -63 -63 -67 -67 -70 -70 -73 -73 -76 -76 -74 -72 -70 -67 -70 -73 -76 -78 -80 -82 -84 -85 -87 -88 -89 -90 -88 116 125 132 139 145 150 155 160 164 174 196 196 196 196 195 195 195 195 194 194 193 193 193 192 190 190 188 188 185 185 182 182 178 178 166 158 136 129 122 122 113 103 93 93 81 81 81 81 68
-70 -73 -73 -70 -70 -70 -70 -67 -67 -67 -67 -63 -63 -63 -67 -67 -67 -70 -70 -70 -67 -67 -67 -67 -67 -67 -67 -70 -70 -73 -73 -76 -76 -78 -77 -75 -73 -70 -73 -76 -78 -80 -82 -84 -85 -87 -88 -89 -90 -91 -87 107 116 125 132 139 145 150 155 160 171 196 196 195 195 195 195 194 194 193 193 193 193 192 191 189 189 187 187 184 184 180 180 176 176 162 148 122 122 113 113 103 103 93 81 81 81 81 81 68
-73 -73 -73 -70 -70 -70 -70 -67 -67 -67 -67 -67 -67 -67 -67 -67 -67 -70 -70 -70 -70 -67 -67 -67 -67 -67 -70 -70 -70 -73 -73 -76 -76 -78 -78 -77 -75 -73 -76 -76 -78 -78 -80 -80 -82 -82 -84 -84 -85 -85 -88 97 107 116 125 132 139 145 150 155 168 196 195 195 195 195 194 194 193 193 193 193 192 192 190 190 188 188 185 185 182 182 178 178 173 173 148 143 122 122 113 113 103 93 81 81 81 81 68 68
-73 -73 -73 -73 -73 -70 -70 -70 -70 -67 -67 -67 -67 -67 -67 -67 -70 -70 -70 -73 -70 -70 -70 -70 -70 -70 -70 -70 -73 -73 -73 -76 -76 -78 -78 -79 -78 -76 -78 -78 -80 -80 -82 -82 -84 -84 -85 -85 -87 -87 -89 86 97 107 116 124 132 139 145 150 164 195 195 195 194 194 193 193 193 193 192 192 191 191 189 189 187 187 184 184 180 180 176 176 162 158 136 129 113 113 103 103 93 81 81 81 68 68 68 68
-73 -73 -73 -73 -73 -73 -73 -70 -70 -70 -70 -67 -67 -67 -70 -70 -70 -70 -70 -73 -73 -70 -70 -70 -70 -70 -73 -73 -73 -73 -76 -76 -76 -78 -78 -80 -80 -78 -80 -80 -82 -82 -84 -84 -85 -85 -87 -87 -88 -88 -90 73 86 97 107 116 124 132 139 145 160 195 194 194 193 193 193 193 192 192 191 191 190 190 188 188 185 185 182 182 178 178 173 173 158 154 129 122 113 113 103 93 81 81 68 68 68 68 68 53
-73 -76 -76 -73 -73 -73 -73 -70 -70 -70 -70 -70 -70 -70 -70 -70 -70 -70 -73 -73 -73 -73 -73 -73 -73 -73 -73 -73 -76 -76 -76 -76 -78 -78 -78 -80 -80 -80 -82 -82 -84 -84 -85 -85 -87 -87 -88 -88 -89 -89 -90 59 73 85 97 107 116 124 132 139 156 194 193 193 193 193 192 192 191 191 190 190 189 189 187 187 184 184 180 180 176 176 170 170 148 143 113 113 103 103 93 93 81 68 68 68 68 68 53 53
-76 -76 -76 -76 -76 -73 -73 -73 -73 -70 -70 -70 -70 -70 -70 -70 -73 -73 -73 -73 -73 -73 -73 -73 -73 -73 -76 -76 -76 -76 -78 -78 -78 -78 -80 -80 -80 -82 -82 -84 -84 -85 -85 -87 -87 -88 -88 -89 -89 -90 -91 43 59 73 85 97 107 116 124 132 151 193 193 193 192 192 191 191 190 190 189 189 188 188 185 185 182 182 178 178 173 173 158 154 143 136 113 113 103 103 93 81 68 68 68 68 53 53 53 37
-76 -76 -76 -76 -76 -76 -76 -73 -73 -73 -73 -70 -70 -70 -73 -73 -73 -73 -73 -73 -76 -76 -76 -76 -76 -76 -76 -76 -78 -78 -78 -78 -80 -80 -80 -80 -82 -82 -84 -84 -85 -85 -87 -87 -88 -88 -89 -89 -90 -90 -91 26 43 59 73 85 97 107 116 124 146 193 192 192 191 191 190 190 189 189 188 188 187 187 184 184 180 180 176 176 170 170 154 148 129 122 103 103 93 93 81 68 68 68 53 53 53 53 53 37
-76 -76 -76 -76 -76 -76 -76 -73 -73 -73 -73 -73 -73 -73 -73 -73 -73 -73 -76 -76 -76 -76 -76 -76 -76 -76 -78 -78 -78 -78 -80 -80 -80 -80 -82 -82 -82 -82 -84 -84 -85 -85 -87 -87 -88 -88 -89 -89 -90 -90 -92 7 26 43 59 72 85 97 107 116 140 192 191 191 190 190 189 189 188 188 187 187 185 185 182 182 178 178 173 173 167 167 143 136 122 113 103 103 93 81 68 68 53 53 53 53 53 53 37 37
-76 -78 -78 -78 -78 -76 -76 -76 -76 -73 -73 -73 -73 -73 -73 -73 -76 -76 -76 -76 -76 -76 -78 -78 -78 -78 -78 -78 -80 -80 -80 -80 -82 -82 -82 -82 -84 -84 -85 -85 -87 -87 -88 -88 -89 -89 -90 -90 -91 -91 -92 -14 7 26 43 58 72 85 96 107 133 191 190 190 189 189 188 188 187 187 185 185 184 184 180 180 176 176 170 170 154 148 136 129 103 103 93 93 81 81 68 53 53 53 53 53 37 37 37 19
-78 -78 -78 -78 -78 -78 -78 -76 -76 -76 -76 -73 -73 -73 -76 -76 -76 -76 -76 -76 -78 -78 -78 -78 -78 -78 -80 -80 -80 -80 -82 -82 -82 -82 -84 -84 -84 -84 -85 -85 -87 -87 -88 -88 -89 -89 -90 -90 -91 -91 -93 -38 -14 6 26 43 58 72 85 96 126 190 189 189 188 188 187 187 185 185 184 184 182 182 178 178 173 173 167 167 148 143 122 113 103 103 93 93 81 68 53 53 53 53 37 37 37 37 37 19
-78 -78 -78 -78 -78 -78 -78 -78 -76 -76 -76 -76 -76 -76 -76 -76 -76 -76 -78 -78 -78 -78 -78 -78 -80 -80 -80 -80 -82 -82 -82 -82 -84 -84 -84 -84 -85 -85 -87 -87 -88 -88 -89 -89 -90 -90 -91 -91 -92 -92 -93 -64 -38 -14 6 25 43 58 72 85 117 189 188 188 187 187 185 185 184 184 182 182 180 180 176 176 170 170 163 163 136 129 113 103 93 93 81 81 68 53 53 53 37 37 37 37 37 19 19 19
-78 -78 -78 -80 -80 -80 -78 -78 -78 -78 -76 -76 -76 -76 -76 -76 -78 -78 -78 -78 -78 -78 -80 -80 -80 -80 -82 -82 -82 -82 -84 -84 -84 -84 -85 -85 -85 -85 -87 -87 -88 -88 -89 -89 -90 -90 -91 -91 -92 -92 -93 -64 -38 -14 6 25 43 58 72 108 188 188 187 187 185 185 184 184 182 182 180 180 178 178 173 173 167 167 148 143 129 122 93 93 93 93 81 68 53 53 37 37 37 37 37 37 19 19 19 -15
-78 -80 -80 -80 -80 -80 -80 -80 -78 -78 -78 -78 -76 -76 -78 -78 -78 -78 -78 -78 -80 -80 -80 -80 -80 -80 -82 -82 -84 -84 -84 -84 -85 -85 -85 -85 -87 -87 -88 -88 -89 -89 -90 -90 -91 -91 -92 -92 -93 -93 -93 -65 -38 -15 6 25 42 58 98 187 187 187 185 185 184 184 182 182 180 180 178 178 176 176 170 170 163 163 143 136 113 103 93 93 81 81 68 68 53 37 37 37 37 37 19 19 19 19 -15 0
-80 -80 -80 -80 -80 -80 -80 -80 -80 -78 -78 -78 -78 -78 -78 -78 -78 -78 -80 -80 -80 -80 -80 -80 -82 -82 -82 -82 -84 -84 -85 -85 -85 -85 -87 -87 -87 -87 -88 -88 -89 -89 -90 -90 -91 -91 -92 -92 -93 -93 -94 -65 -39 -15 6 25 42 87 185 185 185 185 184 184 182 182 180 180 178 178 176 176 173 173 167 167 159 159 129 122 103 93 81 81 81 81 68 53 37 37 37 37 19 19 19 19 19 0 0 0
-80 -80 -80 -80 -80 -82 -82 -80 -80 -80 -80 -78 -78 -78 -78 -78 -80 -80 -80 -80 -80 -80 -82 -82 -82 -82 -84 -84 -84 -84 -85 -85 -87 -87 -87 -87 -88 -88 -89 -89 -90 -90 -91 -91 -92 -92 -93 -93 -93 -93 -94 -65 -39 -15 6 25 74 184 184 184 184 184 182 182 180 180 178 178 176 176 173 173 170 170 163 163 143 136 122 113 81 81 81 81 68 68 53 37 37 37 19 19 19 19 19 0 0 0 0 0
-80 -80 -80 -82 -82 -82 -82 -82 -82 -80 -80 -80 -80 -78 -80 -80 -80 -80 -80 -80 -82 -82 -82 -82 -82 -82 -84 -84 -85 -85 -85 -85 -87 -87 -88 -88 -88 -88 -89 -89 -90 -90 -91 -91 -92 -92 -93 -93 -93 -93 -95 -65 -39 -15 6 60 182 182 182 182 182 182 180 180 178 178 176 176 173 173 170 170 167 167 159 159 136 129 103 93 81 81 68 68 68 53 37 37 19 19 19 19 19 19 0 0 0 0 0 -39
-80 -82 -82 -82 -82 -82 -82 -82 -82 -82 -80 -80 -80 -80 -80 -80 -80 -80 -82 -82 -82 -82 -82 -82 -84 -84 -84 -84 -85 -85 -87 -87 -87 -87 -88 -88 -89 -89 -90 -90 -91 -91 -92 -92 -93 -93 -93 -93 -94 -94 -95 -65 -39 -15 45 180 180 180 180 180 180 180 178 178 176 176 173 173 170 170 167 167 163 163 154 154 122 113 93 81 68 68 68 68 53 53 37 19 19 19 19 19 0 0 0 0 -39 -39 -39 -23
-82 -82 -82 -82 -82 -82 -82 -84 -82 -82 -82 -82 -80 -80 -80 -80 -82 -82 -82 -82 -82 -82 -84 -84 -84 -84 -85 -85 -85 -85 -87 -87 -88 -88 -88 -88 -89 -89 -90 -90 -91 -91 -92 -92 -93 -93 -93 -93 -94 -94 -95 -66 -39 28 178 178 178 178 178 178 178 178 176 176 173 173 170 170 167 167 163 163 159 159 136 129 113 103 68 68 68 68 53 53 53 37 19 19 19 19 0 0 0 0 0 -23 -23 -23 -23 -23
-82 -82 -82 -82 -82 -84 -84 -84 -84 -84 -82 -82 -82 -82 -82 -82 -82 -82 -82 -82 -84 -84 -84 -84 -84 -84 -85 -85 -87 -87 -87 -87 -88 -88 -89 -89 -89 -89 -90 -90 -91 -91 -92 -92 -93 -93 -93 -93 -94 -94 -95 -66 9 176 176 176 176 176 176 176 176 176 173 173 170 170 167 167 163 163 159 159 154 154 129 122 93 81 68 68 53 53 53 37 37 19 19 19 0 0 0 0 0 -23 -23 -23 -23 -23 -23 -23
-82 -82 -82 -84 -84 -84 -84 -84 -84 -84 -84 -82 -82 -82 -82 -82 -82 -82 -84 -84 -84 -84 -84 -84 -85 -85 -85 -85 -87 -87 -88 -88 -88 -88 -89 -89 -90 -90 -91 -91 -92 -92 -93 -93 -93 -93 -94 -94 -95 -95 -95 -11 173 173 173 173 173 173 173 173 173 173 170 170 167 167 163 163 159 159 154 154 149 149 113 103 81 68 53 53 53 53 37 37 19 19 0 0 0 0 0 0 -23 -23 -23 -23 -23 -23 -23 -65
-82 -84 -84 -84 -84 -84 -84 -84 -84 -84 -84 -84 -82 -82 -84 -84 -84 -84 -84 -84 -84 -84 -85 -85 -85 -85 -87 -87 -87 -87 -88 -88 -89 -89 -89 -89 -90 -90 -91 -91 -92 -92 -93 -93 -93 -93 -94 -94 -95 -95 -35 170 170 170 170 170 170 170 170 170 170 170 167 167 163 163 159 159 154 154 149 149 129 122 103 93 53 53 53 53 37 37 37 19 19 0 0 0 0 0 -23 -23 -23 -23 -65 -65 -65 -65 -65 -48
-84 -84 -84 -84 -84 -84 -84 -85 -85 -85 -84 -84 -84 -84 -84 -84 -84 -84 -84 -84 -85 -85 -85 -85 -85 -85 -87 -87 -88 -88 -88 -88 -89 -89 -90 -90 -90 -90 -91 -91 -92 -92 -93 -93 -93 -93 -94 -94 -95 -95 -28 167 167 167 167 167 167 167 167 167 167 167 163 163 159 159 154 154 149 149 144 144 122 113 81 68 53 53 37 37 37 19 19 0 0 0 0 0 -23 -23 -23 -23 -23 -48 -48 -48 -48 -48 -48 -48
-84 -84 -84 -84 -84 -85 -85 -85 -85 -85 -85 -84 -84 -84 -84 -84 -85 -85 -85 -85 -85 -85 -85 -85 -87 -87 -87 -87 -88 -88 -89 -89 -89 -89 -90 -90 -91 -91 -92 -92 -93 -93 -93 -93 -94 -94 -95 -95 -95 -95 -20 163 163 163 163 163 163 163 163 163 163 163 159 159 154 154 149 149 144 144 122 113 103 93 68 53 37 37 37 37 19 19 0 0 0 0 -23 -23 -23 -23 -23 -48 -48 -48 -48 -48 -48 -48 -48 -48
-84 -84 -84 -85 -85 -85 -85 -85 -85 -85 -85 -85 -84 -84 -85 -85 -85 -85 -85 -85 -85 -85 -87 -87 -87 -87 -88 -88 -88 -88 -89 -89 -90 -90 -90 -90 -91 -91 -92 -92 -93 -93 -93 -93 -94 -94 -95 -95 -95 -95 -11 159 159 159 159 159 159 159 159 159 159 159 154 154 149 149 144 144 138 138 113 103 93 81 37 37 37 37 19 19 19 0 0 -39 -39 -23 -23 -23 -23 -23 -48 -48 -48 -48 -48 -48 -48 -48 -48 -75
-84 -85 -85 -85 -85 -85 -85 -85 -85 -87 -85 -85 -85 -85 -85 -85 -85 -85 -87 -87 -87 -87 -87 -87 -87 -87 -88 -88 -89 -89 -89 -89 -90 -90 -91 -91 -91 -91 -92 -92 -93 -93 -93 -93 -94 -94 -95 -95 -95 -95 -1 154 154 154 154 154 154 154 154 154 154 154 149 149 144 144 138 138 113 103 93 81 68 53 37 37 19 19 19 0 0 -23 -23 -23 -23 -23 -23 -23 -48 -48 -48 -48 -95 -95 -95 -95 -95 -95 -95 -75
-85 -85 -85 -85 -85 -85 -85 -87 -87 -87 -87 -85 -85 -85 -85 -85 -87 -87 -87 -87 -87 -87 -87 -87 -88 -88 -88 -88 -89 -89 -90 -90 -90 -90 -91 -91 -92 -92 -93 -93 -93 -93 -94 -94 -95 -95 -95 -95 -96 -96 9 149 149 149 149 149 149 149 149 149 149 149 144 144 138 138 131 131 103 93 81 68 53 37 19 19 19 19 0 0 -23 -23 -23 -23 -23 -23 -48 -48 -48 -48 -48 -75 -75 -75 -75 -75 -75 -75 -75 -75
-85 -85 -85 -85 -85 -87 -87 -87 -87 -87 -87 -87 -85 -85 -87 -87 -87 -87 -87 -87 -88 -88 -88 -88 -88 -88 -89 -89 -89 -89 -90 -90 -91 -91 -91 -91 -92 -92 -93 -93 -93 -93 -94 -94 -95 -95 -95 -95 -96 -96 21 144 144 144 144 144 144 144 144 144 144 144 138 138 131 131 103 93 81 68 53 37 19 19 19 19 0 0 0 -23 -23 -65 -65 -65 -65 -48 -48 -48 -48 -75 -75 -75 -75 -75 -75 -75 -75 -75 -75 -75
-85 -85 -85 -87 -87 -87 -87 -87 -87 -87 -87 -87 -87 -87 -87 -87 -87 -87 -88 -88 -88 -88 -88 -88 -88 -88 -89 -89 -90 -90 -90 -90 -91 -91 -92 -92 -92 -92 -93 -93 -93 -93 -94 -94 -95 -95 -95 -95 -96 -96 35 138 138 138 138 138 138 138 138 138 138 138 131 131 123 123 93 81 68 53 37 19 19 19 0 0 0 -23 -23 -48 -48 -48 -48 -48 -48 -48 -48 -48 -75 -75 -75 -75 -75 -75 -75 -75 -75 -75 -75 -106
-85 -87 -87 -87 -87 -87 -87 -87 -87 -88 -88 -87 -87 -87 -87 -87 -88 -88 -88 -88 -88 -88 -89 -89 -89 -89 -89 -89 -90 -90 -91 -91 -91 -91 -92 -92 -93 -93 -93 -93 -94 -94 -95 -95 -95 -95 -96 -96 -96 -96 50 131 131 131 131 131 131 131 131 131 131 131 123 123 93 81 68 53 37 19 -15 -15 0 0 0 0 -23 -23 -48 -48 -48 -48 -48 -48 -48 -48 -75 -75 -75 -75 -128 -128 -128 -128 -128 -128 -128 -128 -128 -106
-87 -87 -87 -87 -87 -87 -87 -88 -88 -88 -88 -88 -87 -87 -88 -88 -88 -88 -88 -88 -89 -89 -89 -89 -89 -89 -90 -90 -90 -90 -91 -91 -92 -92 -92 -92 -93 -93 -93 -93 -94 -94 -95 -95 -95 -95 -96 -96 -96 -96 66 123 123 123 123 123 123 123 123 123 123 123 115 115 81 68 53 37 19 0 0 0 0 0 -23 -23 -23 -48 -48 -95 -95 -95 -95 -95 -95 -75 -75 -75 -75 -106 -106 -106 -106 -106 -106 -106 -106 -106 -106 -106
-87 -87 -87 -87 -88 -88 -88 -88 -88 -88 -88 -88 -88 -88 -88 -88 -88 -89 -89 -89 -89 -89 -89 -90 -90 -90 -90 -91 -91 -91 -91 -92 -92 -93 -93 -93 -93 -93 -94 -95 -95 -96 -96 -96 -97 -97 -97 -97 -98 -98 85 115 115 115 115 115 115 115 115 115 115 115 81 68 53 37 19 0 -39 -39 -39 -39 -23 -23 -23 -48 -48 -75 -75 -75 -75 -75 -75 -75 -75 -75 -75 -106 -106 -106 -106 -106 -106 -106 -106 -106 -106 -106 -106 -106
-87 -87 -88 -88 -88 -88 -88 -88 -88 -88 -89 -88 -88 -88 -88 -89 -89 -89 -89 -89 -89 -90 -90 -90 -90 -90 -91 -91 -92 -92 -92 -92 -93 -93 -93 -93 -93 -93 -94 -95 -95 -96 -96 -96 -97 -97 -97 -97 -98 -98 105 105 105 105 105 105 105 105 105 105 105 105 68 53 37 19 0 -23 -23 -23 -23 -23 -23 -23 -48 -48 -75 -75 -75 -75 -75 -75 -75 -75 -75 -75 -106 -106 -106 -106 -106 -106 -106 -106 -106 -106 -106 -106 -106 -140
-87 -88 -88 -88 -88 -88 -88 -88 -89 -89 -89 -89 -88 -88 -89 -89 -89 -89 -90 -90 -90 -90 -90 -90 -91 -91 -91 -92 -92 -93 -93 -93 -93 -93 -93 -94 -94 -94 -95 -95 -96 -96 -96 -97 -97 -97 -97 -98 -98 -98 95 95 95 95 95 95 95 95 95 95 95 68 53 37 19 0 -23 -65 -65 -65 -65 -65 -48 -48 -48 -75 -75 -128 -128 -128 -128 -128 -128 -128 -128 -106 -106 -106 -164 -164 -164 -164 -164 -164 -164 -164 -164 -164 -164 -140
-88 -88 -88 -88 -88 -89 -89 -89 -89 -89 -89 -89 -89 -89 -89 -89 -90 -90 -90 -90 -90 -90 -91 -91 -91 -91 -92 -92 -93 -93 -93 -93 -93 -93 -94 -94 -95 -95 -95 -96 -96 -96 -97 -97 -97 -97 -98 -98 -98 -98 83 83 83 83 83 83 83 83 83 83 53 53 37 19 0 -23 -48 -48 -48 -48 -48 -48 -48 -48 -75 -75 -106 -106 -106 -106 -106 -106 -106 -106 -106 -106 -106 -140 -140 -140 -140 -140 -140 -140 -140 -140 -140 -140 -140 -140
-88 -88 -88 -89 -89 -89 -89 -89 -89 -89 -89 -89 -89 -89 -89 -90 -90 -90 -90 -91 -91 -91 -91 -91 -91 -92 -92 -93 -93 -93 -93 -94 -94 -94 -94 -95 -95 -95 -96 -96 -96 -97 -97 -97 -97 -98 -98 -98 -98 -98 70 70 70 70 70 70 70 70 70 37 37 37 19 0 -23 -48 -95 -95 -95 -95 -95 -95 -75 -75 -75 -106 -106 -106 -106 -106 -106 -106 -106 -106 -106 -106 -140 -140 -140 -140 -140 -140 -140 -140 -140 -140 -140 -140 -140 -140
-88 -88 -89 -89 -89 -89 -89 -89 -89 -90 -90 -90 -89 -89 -90 -90 -90 -91 -91 -91 -91 -91 -91 -92 -92 -92 -93 -93 -93 -93 -94 -94 -95 -95 -95 -95 -95 -95 -96 -96 -96 -97 -97 -97 -97 -98 -98 -98 -98 -98 56 56 56 56 56 56 56 56 19 19 19 19 0 -23 -48 -75 -75 -75 -75 -75 -75 -75 -75 -75 -106 -106 -164 -164 -164 -164 -164 -164 -164 -164 -164 -140 -140 -140 -140 -140 -140 -140 -140 -140 -140 -140 -140 -140 -140 -177
-88 -89 -89 -89 -89 -89 -90 -90 -90 -90 -90 -90 -90 -90 -90 -90 -91 -91 -91 -91 -92 -92 -92 -92 -92 -92 -93 -93 -93 -94 -94 -95 -95 -95 -95 -95 -95 -96 -96 -96 -97 -97 -97 -97 -98 -98 -98 -98 -98 -98 40 40 40 40 40 40 40 0 0 0 0 0 -23 -48 -75 -128 -128 -128 -128 -128 -128 -128 -106 -106 -106 -140 -140 -140 -140 -140 -140 -140 -140 -140 -140 -140 -140 -204 -204 -204 -204 -204 -204 -204 -204 -204 -204 -204 -204 -177
-89 -89 -89 -89 -90 -90 -90 -90 -90 -90 -90 -90 -90 -90 -90 -91 -91 -91 -92 -92 -92 -92 -92 -92 -93 -93 -93 -93 -94 -94 -95 -95 -95 -95 -96 -96 -96 -96 -96 -96 -97 -97 -97 -97 -98 -98 -98 -98 -98 -98 22 22 22 22 22 22 -39 -23 -23 -23 -23 -23 -48 -75 -106 -106 -106 -106 -106 -106 -106 -106 -106 -106 -140 -140 -140 -140 -140 -140 -140 -140 -140 -140 -140 -140 -177 -177 -177 -177 -177 -177 -177 -177 -177 -177 -177 -177 -177 -177
-89 -89 -89 -90 -90 -90 -90 -90 -90 -90 -91 -90 -90 -90 -91 -91 -91 -92 -92 -92 -92 -93 -93 -93 -93 -93 -93 -93 -94 -95 -95 -95 -95 -96 -96 -96 -96 -96 -70 -67 -64 -60 -55 -50 -45 -39 -32 -24 -16 -7 3 3 3 3 3 -65 -65 -48 -48 -48 -48 -48 -75 -106 -164 -164 -164 -164 -164 -164 -164 -164 -140 -140 -140 -204 -204 -204 -204 -204 -204 -204 -204 -204 -204 -177 -177 -177 -177 -177 -177 -177 -177 -177 -177 -177 -177 -177 -177 -177
-89 -89 -90 -90 -90 -90 -90 -91 -91 -91 -91 -91 -91 -91 -91 -91 -92 -92 -92 -93 -93 -93 -93 -93 -93 -93 -93 -94 -94 -95 -95 -95 -96 -96 -96 -96 -96 -73 -76 -74 -71 -68 -65 -61 -56 -51 -46 -40 -34 -26 -18 -18 -18 -18 -95 -95 -95 -95 -75 -75 -75 -75 -106 -140 -140 -140 -140 -140 -140 -140 -140 -140 -140 -140 -177 -177 -177 -177 -177 -177 -177 -177 -177 -177 -177 -177 -177 -177 -177 -177 -177 -177 -177 -177 -177 -177 -177 -177 -177 -249
-89 -90 -90 -90 -90 -91 -91 -91 -91 -91 -91 -91 -91 -91 -91 -92 -92 -92 -93 -93 -93 -93 -93 -93 -93 -93 -94 -94 -95 -95 -95 -96 -96 -96 -96 -96 -76 -76 -78 -80 -80 -77 -75 -72 -69 -66 -62 -58 -53 -48 -42 -42 -42 -128 -128 -128 -128 -128 -128 -106 -106 -106 -140 -204 -204 -204 -204 -204 -204 -204 -204 -204 -204 -177 -177 -177 -177 -177 -177 -177 -177 -177 -177 -177 -177 -177 -249 -249 -249 -249 -249 -249 -249 -249 -249 -249 -249 -249 -249 -219
-90 -90 -90 -90 -91 -91 -91 -91 -91 -91 -91 -91 -91 -91 -92 -92 -92 -93 -93 -93 -93 -93 -93 -93 -93 -93 -94 -95 -95 -95 -95 -96 -96 -96 -96 -78 -78 -78 -80 -82 -84 -86 -87 -85 -84 -82 -80 -78 -75 -72 -69 -69 -164 -164 -164 -164 -164 -164 -164 -164 -140 -140 -177 -177 -177 -177 -177 -177 -177 -177 -177 -177 -177 -177 -249 -249 -249 -249 -249 -249 -249 -249 -249 -249 -249 -249 -219 -219 -219 -219 -219 -219 -219 -219 -219 -219 -219 -219 -219 -219
-90 -90 -90 -91 -91 -91 -91 -91 -92 -92 -92 -92 -92 -92 -92 -92 -93 -93 -93 -93 -93 -93 -93 -94 -94 -94 -94 -95 -95 -95 -96 -96 -96 -96 -80 -80 -80 -80 -82 -84 -86 -87 -88 -89 -90 -91 -92 -93 -94 -94 -99 -204 -204 -204 -204 -204 -204 -204 -204 -204 -204 -177 -249 -249 -249 -249 -249 -249 -249 -249 -249 -249 -249 -249 -219 -219 -219 -219 -219 -219 -219 -219 -219 -219 -219 -219 -219 -219 -219 -219 -219 -219 -219 -219 -219 -219 -219 -219 -219 -219
-90 -91 -91 -91 -91 -92 -92 -92 -92 -92 -92 -92 -92 -92 -93 -93 -93 -93 -93 -93 -94 -94 -94 -94 -94 -94 -95 -95 -96 -96 -96 -96 -96 -82 -82 -82 -82 -82 -99 -99 -99 -99 -99 -99 -99 -99 -99 -99 -99 -99 -249 -249 -249 -249 -249 -249 -249 -249 -249 -249 -249 -249 -219 -219 -219 -219 -219 -219 -219 -219 -219 -219 -219 -219 -219 -219 -219 -219 -219 -219 -219 -219 -219 -219 -219 -219 -219 -219 -219 -219 -219 -219 -219 -219 -219 -219 -219 -219 -219 -219
-110 -111 -111 -111 -112 -112 -112 -112 -112 -112 -112 -112 -112 -112 -113 -113 -113 -113 -113 -114 -114 -114 -114 -115 -115 -115 -115 -116 -116 -116 -116 -116 -104 -104 -104 -104 -104 -104 -299 -299 -299 -299 -299 -299 -299 -299 -299 -299 -299 -299 -299 -299 -299 -299 -299 -299 -299 -299 -299 -299 -299 -299 -299 -299 -299 -299 -299 -299 -299 -299 -299 -299 -299 -299 -299 -299 -299 -299 -299 -299 -299 -299 -299 -299 -299 -299 -299 -299 -299 -299 -299 -299 -299 -299 -299 -299 -299 -299 -299 -299
