     0.57276     4.00000
     1.27860     2.00000
     7.08988     1.00000
     9.13327     5.00000
    11.02457     4.00000
    11.18695     5.00000
    11.51579     5.00000
    11.62039     5.00000
    14.72120     4.00000
    15.65184     1.00000
    18.99136     5.00000
    19.27426     4.00000
    19.79567     3.00000
    22.32283     5.00000
    23.52777     3.00000
    23.92210     1.00000
    26.83355     5.00000
    28.46758     5.00000
    28.78228     1.00000
    29.05820     5.00000
    30.06206     4.00000
    33.70984     3.00000
    38.03423     2.00000
    41.01432     1.00000
    41.59082     4.00000
    41.90325     5.00000
    45.67994     4.00000
    46.27194     1.00000
    48.33050     3.00000
    50.60487     1.00000
    59.66195     5.00000
    60.62367     4.00000
    61.54745     2.00000
    64.45024     1.00000
    65.44046     4.00000
    67.23762     2.00000
    70.16538     5.00000
    71.93339     2.00000
    73.31958     3.00000
    75.19564     1.00000
    76.99123     5.00000
    77.11466     4.00000
    78.56730     3.00000
    80.29024     2.00000
    80.83094     1.00000
    82.57948     2.00000
    82.59608     1.00000
    87.75578     3.00000
    89.26963     5.00000
    92.45184     2.00000
    93.15135     1.00000
    93.33036     1.00000
    96.04842     4.00000
    97.37620     3.00000
   100.95408     3.00000
   104.31646     2.00000
   106.38612     1.00000
   107.10646     4.00000
   109.45370     5.00000
   110.12994     3.00000
   111.04186     5.00000
   111.37060     4.00000
   113.11031     1.00000
   121.86902     1.00000
   122.72199     1.00000
   125.82939     2.00000
   126.84286     4.00000
   127.62758     3.00000
   142.30130     5.00000
   142.40921     1.00000
   145.67289     2.00000
   147.06582     1.00000
   151.73163     5.00000
   152.59645     3.00000
   154.99103     3.00000
   157.43494     5.00000
   161.29296     1.00000
   161.59324     5.00000
   162.18196     1.00000
   169.08323     2.00000
   169.14045     2.00000
   170.33144     2.00000
   171.28048     2.00000
   172.55711     3.00000
   173.01244     5.00000
   174.81391     3.00000
   176.50709     1.00000
   180.00326     2.00000
   184.03675     2.00000
   184.95820     4.00000
   185.35168     5.00000
   188.35843     5.00000
   188.66286     2.00000
   188.95485     1.00000
   190.16638     5.00000
   193.05893     1.00000
   196.75803     2.00000
   200.34695     2.00000
   201.05094     5.00000
   202.70574     4.00000
